   0.00000000      0.574658513    
   4.99999989E-03  0.598010600    
   9.99999978E-03  0.620812058    
   1.49999997E-02  0.643068552    
   1.99999996E-02  0.664785922    
   2.49999985E-02  0.685969889    
   2.99999993E-02  0.706626177    
   3.50000001E-02  0.726760566    
   3.99999991E-02  0.746378839    
   4.49999981E-02  0.765486658    
   4.99999970E-02  0.784089863    
   5.49999997E-02  0.802194238    
   5.99999987E-02  0.819805324    
   6.49999976E-02  0.836929083    
   7.00000003E-02  0.853571236    
   7.49999955E-02  0.869737506    
   7.99999982E-02  0.885433555    
   8.50000009E-02  0.900665283    
   8.99999961E-02  0.915438354    
   9.49999988E-02  0.929758549    
   9.99999940E-02  0.943631589    
  0.104999997      0.957063317    
  0.109999999      0.970059395    
  0.114999995      0.982625484    
  0.119999997      0.994767487    
  0.125000000       1.00649118    
  0.129999995       1.01780224    
  0.134999990       1.02870631    
  0.140000001       1.03920937    
  0.144999996       1.04931712    
  0.149999991       1.05903518    
  0.155000001       1.06836939    
  0.159999996       1.07732546    
  0.164999992       1.08590913    
  0.170000002       1.09412622    
  0.174999997       1.10198259    
  0.179999992       1.10948372    
  0.185000002       1.11663544    
  0.189999998       1.12344360    
  0.194999993       1.12991393    
  0.199999988       1.13605213    
  0.204999998       1.14186406    
  0.209999993       1.14735532    
  0.214999989       1.15253174    
  0.219999999       1.15739918    
  0.224999994       1.16196311    
  0.229999989       1.16622949    
  0.234999999       1.17020392    
  0.239999995       1.17389238    
  0.244999990       1.17730045    
  0.250000000       1.18043399    
  0.254999995       1.18329883    
  0.259999990       1.18590033    
  0.264999986       1.18824458    
  0.269999981       1.19033730    
  0.275000006       1.19218421    
  0.280000001       1.19379091    
  0.284999996       1.19516349    
  0.289999992       1.19630742    
  0.294999987       1.19722843    
  0.299999982       1.19793236    
  0.305000007       1.19842505    
  0.310000002       1.19871211    
  0.314999998       1.19879937    
  0.319999993       1.19869256    
  0.324999988       1.19839764    
  0.329999983       1.19791985    
  0.334999979       1.19726527    
  0.340000004       1.19643974    
  0.344999999       1.19544911    
  0.349999994       1.19429862    
  0.354999989       1.19299448    
  0.359999985       1.19154215    
  0.364999980       1.18994761    
  0.370000005       1.18821645    
  0.375000000       1.18635440    
  0.379999995       1.18436754    
  0.384999990       1.18226123    
  0.389999986       1.18004143    
  0.394999981       1.17771387    
  0.399999976       1.17528427    
  0.405000001       1.17275822    
  0.409999996       1.17014182    
  0.414999992       1.16744065    
  0.419999987       1.16466033    
  0.424999982       1.16180670    
  0.429999977       1.15888560    
  0.435000002       1.15590250    
  0.439999998       1.15286398    
  0.444999993       1.14977443    
  0.449999988       1.14664090    
  0.454999983       1.14346838    
  0.459999979       1.14026296    
  0.465000004       1.13703024    
  0.469999999       1.13377559    
  0.474999994       1.13050568    
  0.479999989       1.12722540    
  0.484999985       1.12394106    
  0.489999980       1.12065816    
  0.494999975       1.11738265    
  0.500000000       1.11411989    
  0.504999995       1.11087596    
  0.509999990       1.10765672    
  0.514999986       1.10446751    
  0.519999981       1.10131419    
  0.524999976       1.09820294    
  0.529999971       1.09513879    
  0.534999967       1.09212816    
  0.539999962       1.08917630    
  0.545000017       1.08628953    
  0.550000012       1.08347285    
  0.555000007       1.08073294    
  0.560000002       1.07807434    
  0.564999998       1.07550442    
  0.569999993       1.07302725    
  0.574999988       1.07064950    
  0.579999983       1.06837714    
  0.584999979       1.06621516    
  0.589999974       1.06416976    
  0.594999969       1.06224668    
  0.599999964       1.06045163    
  0.604999959       1.05879056    
  0.610000014       1.05726874    
  0.615000010       1.05589211    
  0.620000005       1.05466664    
  0.625000000       1.05359781    
  0.629999995       1.05269158    
  0.634999990       1.05195367    
  0.639999986       1.05139005    
  0.644999981       1.05100596    
  0.649999976       1.05080760    
  0.654999971       1.05080020    
  0.659999967       1.05098951    
  0.664999962       1.05138242    
  0.669999957       1.05198324    
  0.675000012       1.05279887    
  0.680000007       1.05383408    
  0.685000002       1.05509555    
  0.689999998       1.05658853    
  0.694999993       1.05831826    
  0.699999988       1.06029141    
  0.704999983       1.06251323    
  0.709999979       1.06498992    
  0.714999974       1.06772625    
  0.719999969       1.07072914    
  0.724999964       1.07400405    
  0.729999959       1.07755625    
  0.734999955       1.08139145    
  0.740000010       1.08551633    
  0.745000005       1.08993542    
  0.750000000       1.09465539    
  0.754999995       1.09968221    
  0.759999990       1.10502017    
  0.764999986       1.11067641    
  0.769999981       1.11665595    
  0.774999976       1.12296498    
  0.779999971       1.12960875    
  0.784999967       1.13659394    
  0.789999962       1.14392555    
  0.794999957       1.15160930    
  0.799999952       1.15965140    
  0.805000007       1.16805708    
  0.810000002       1.17683232    
  0.814999998       1.18598306    
  0.819999993       1.19551480    
  0.824999988       1.20543349    
  0.829999983       1.21574485    
  0.834999979       1.22645414    
  0.839999974       1.23756754    
  0.844999969       1.24909079    
  0.849999964       1.26103032    
  0.854999959       1.27339089    
  0.859999955       1.28617775    
  0.865000010       1.29939854    
  0.870000005       1.31305659    
  0.875000000       1.32716000    
  0.879999995       1.34171450    
  0.884999990       1.35672247    
  0.889999986       1.37219346    
  0.894999981       1.38813174    
  0.899999976       1.40454352    
  0.904999971       1.42143357    
  0.909999967       1.43880856    
  0.914999962       1.45667374    
  0.919999957       1.47503483    
  0.924999952       1.49389851    
  0.930000007       1.51326954    
  0.935000002       1.53315318    
  0.939999998       1.55355608    
  0.944999993       1.57448494    
  0.949999988       1.59594309    
  0.954999983       1.61793816    
  0.959999979       1.64047492    
  0.964999974       1.66356051    
  0.969999969       1.68719876    
  0.974999964       1.71139729    
  0.979999959       1.73616040    
  0.984999955       1.76149428    
  0.989999950       1.78740561    
  0.995000005       1.81389868    
   1.00000000       1.84098017    
